85883133247653406900319490759178606635945488818162862931371274909518814858110955
13927734499919012868145432987871372285169131699575957121752817687671052248360237
38854782502937329327035716332502346986329025236043416981409792349975663737506125
99289339013666130292893165751184664181384971467423086005452457117170192444311316
34468975851334766225127017662100235687817557846431628463943177646072708259912359
01640006441797671777547754705473455385021588599197854473868192557168838259820001
75852095167991259633943323864050322481201711346222222558248795847211581955076400
74061076648029868237260058433966972714205828407351723483942415253477171058350642
85128279098830016255709457251847799909811317832225986583938289105457242102352811
91951979182263987900991679442088889248891886409718349090547005593472345008656810
36344323535832751184848373354763478064213768875040939680886345155013203976073786
08168800059409318497833286745265456637702068799465824234509705317664468195644356
90349733191532466445541899567847965658097760717151082531064153241412493543868620
07393795437142350218123028182004686445441517505567871188031241160419714397728003
14207656420437144523720692866445429948914397942761909690320529028222287979999991
31254556464606534169397445881076727152284099656356373264620616647731820838647573
26019386132750411731469768053432467928357542100859562952309581309427621559394397
49733583293797740485308765439441084708629588349053578160524292380476312987048246
